{
  "matrice_distances": [
    [
      0.0,
      3.98,
      7.19,
      7.9,
      7.7,
      10.74,
      4.03,
      9.75,
      5.95,
      9.05,
      2.06,
      5.32,
      6.5,
      2.12
    ],
    [
      3.98,
      0.0,
      3.22,
      9.95,
      3.72,
      7.09,
      6.09,
      5.78,
      1.96,
      9.64,
      2.28,
      1.35,
      10.48,
      3.4
    ],
    [
      7.19,
      3.22,
      0.0,
      8.34,
      4.71,
      3.86,
      9.31,
      2.56,
      2.21,
      6.41,
      5.51,
      1.88,
      8.11,
      6.62
    ],
    [
      7.9,
      9.95,
      8.34,
      0.0,
      13.05,
      4.48,
      3.86,
      7.4,
      10.55,
      1.93,
      7.67,
      10.22,
      2.22,
      6.56
    ],
    [
      7.7,
      3.72,
      4.71,
      13.05,
      0.0,
      8.57,
      9.81,
      6.53,
      2.5,
      11.12,
      6.0,
      3.62,
      12.82,
      7.12
    ],
    [
      10.74,
      7.09,
      3.86,
      4.48,
      8.57,
      0.0,
      8.34,
      2.92,
      6.07,
      2.55,
      9.37,
      5.74,
      4.24,
      10.49
    ],
    [
      4.03,
      6.09,
      9.31,
      3.86,
      9.81,
      8.34,
      0.0,
      11.26,
      8.06,
      5.8,
      3.81,
      7.44,
      6.08,
      2.69
    ],
    [
      9.75,
      5.78,
      2.56,
      7.4,
      6.53,
      2.92,
      11.26,
      0.0,
      4.03,
      5.46,
      8.06,
      4.43,
      7.16,
      9.18
    ],
    [
      5.95,
      1.96,
      2.21,
      10.55,
      2.5,
      6.07,
      8.06,
      4.03,
      0.0,
      8.62,
      4.25,
      1.12,
      10.32,
      5.37
    ],
    [
      9.05,
      9.64,
      6.41,
      1.93,
      11.12,
      2.55,
      5.8,
      5.46,
      8.62,
      0.0,
      9.6,
      8.29,
      2.55,
      8.49
    ],
    [
      2.06,
      2.28,
      5.51,
      7.67,
      6.0,
      9.37,
      3.81,
      8.06,
      4.25,
      9.6,
      0.0,
      3.63,
      8.56,
      1.12
    ],
    [
      5.32,
      1.35,
      1.88,
      10.22,
      3.62,
      5.74,
      7.44,
      4.43,
      1.12,
      8.29,
      3.63,
      0.0,
      9.99,
      4.75
    ],
    [
      6.5,
      10.48,
      8.11,
      2.22,
      12.82,
      4.24,
      6.08,
      7.16,
      10.32,
      2.55,
      8.56,
      9.99,
      0.0,
      8.62
    ],
    [
      2.12,
      3.4,
      6.62,
      6.56,
      7.12,
      10.49,
      2.69,
      9.18,
      5.37,
      8.49,
      1.12,
      4.75,
      8.62,
      0.0
    ]
  ],
  "chemins_calcules": [
    {
      "depart": 0,
      "arrivee": 1,
      "distance": 3.98,
      "chemin": [
        0,
        1
      ]
    },
    {
      "depart": 0,
      "arrivee": 2,
      "distance": 7.19,
      "chemin": [
        0,
        11,
        2
      ]
    },
    {
      "depart": 0,
      "arrivee": 3,
      "distance": 7.9,
      "chemin": [
        0,
        6,
        3
      ]
    },
    {
      "depart": 0,
      "arrivee": 4,
      "distance": 7.7,
      "chemin": [
        0,
        1,
        4
      ]
    },
    {
      "depart": 0,
      "arrivee": 5,
      "distance": 10.74,
      "chemin": [
        0,
        12,
        5
      ]
    },
    {
      "depart": 0,
      "arrivee": 6,
      "distance": 4.03,
      "chemin": [
        0,
        6
      ]
    },
    {
      "depart": 0,
      "arrivee": 7,
      "distance": 9.75,
      "chemin": [
        0,
        11,
        2,
        7
      ]
    },
    {
      "depart": 0,
      "arrivee": 8,
      "distance": 5.95,
      "chemin": [
        0,
        1,
        8
      ]
    },
    {
      "depart": 0,
      "arrivee": 9,
      "distance": 9.05,
      "chemin": [
        0,
        12,
        9
      ]
    },
    {
      "depart": 0,
      "arrivee": 10,
      "distance": 2.06,
      "chemin": [
        0,
        10
      ]
    },
    {
      "depart": 0,
      "arrivee": 11,
      "distance": 5.32,
      "chemin": [
        0,
        11
      ]
    },
    {
      "depart": 0,
      "arrivee": 12,
      "distance": 6.5,
      "chemin": [
        0,
        12
      ]
    },
    {
      "depart": 0,
      "arrivee": 13,
      "distance": 2.12,
      "chemin": [
        0,
        13
      ]
    }
  ],
  "statistiques": {
    "nombre_points": 14,
    "distance_min": 1.12,
    "distance_max": 13.05,
    "distance_moyenne": 6.28
  }
}